1	0	0	0	0	0	0	0	0	0	0	0	0	0	0	0	0	0	0	0	0	0	0	0	0	0	0	0	0	0	0	0	0	0	0	0	0	0	0	0	0	0	0	0	0	0	0	0	0	0	0	0	0	0	0	0	0	0	0	0	0	0	0	0
0	-39.02	0	0	0	0	0	-1.2244	0	6.0948	4.7489	0	0	16.444	0	0	0.24439	0	0.081098	5.3632	0	0	-1.0437	0	0	17.364	0	0.64452	0	0	0	-0.42606	0	-2.2113	-5.5469	0	0	0	0	1.6319	-0.45133	-3.5652	0.8713	0	0	0	0	0	0	0	0	0	0	0	0	0	0	0	0	0	0	0	0	0
0	0	-21.024	-2.243	0	-1.5912	-4.214	0	1.478	0	0	2.1772	0	0	3.8698	0	0	2.9862	0.43921	0	0.39355	3.3155	0	0	3.2585	0	9.7832	-0.32358	0	6.2048	5.0921	0	-1.1617	-0.74038	0	-4.5799	0	0	0	0	0	0	0	0	0	-0.22584	-1.5978	-2.9603	-0.8402	2.5037	0	0	0	0	0	0	0	0	0	0	0	0	0	0
0	0	-0.23385	-35.598	0	12.045	0	-0.86753	0	0.24687	0	-0.17492	0	0	0	9.0461	0	0	0	0.24778	0	11.062	0	8.2678	0	0	0	0.70126	0	0.96211	0.15712	0	0	-1.3828	0	0	0	0	0	0	0	0	0	0	0	0	0	0	0	0	0	0	0	0	0	0	0	0	0	0	-0.29903	-2.6452	-0.44878	-1.0851
-0.64999	0	0	0	-40.589	0	0.043394	0	0	0	-1.3445	0	0	0	0	0	4.5449	0	0	0	0	0	16.499	0	0	0	0	0	13.782	0	0	0	0	0	0.099612	0	0.5617	14.789	-8.9433	-0.048247	0	0	0	0	0	0	0	0	0	0	0	0	2.4605	-1.2057	0	0	0	0	0	0	0	0	0	0
0	0	1.1658	12.605	0	-45.737	0	0	0	0	0	2.2489	0	0	0	0.56461	0	-2.9285	0	0	0	8.0035	0	3.6366	0	0	0	-1.6948	0	23.27	-0.16664	0	0	0.19202	0	0.22401	0	0	0	0	0	0	0	0	0	0	0	0	0	0	0.0094153	0	0	0	0	0	0	0	0	0	0	0	-0.44488	-0.94842
7.0878	0	-0.73167	0	-0.016943	0	-30.747	0	0	-1.0779	0.22124	0	0.20861	0	-5.1552	0	0.86501	0	4.1789	0	0	0.34439	0.067852	0	11.422	-2.4727	0	0	-0.32664	0	12.035	0	1.2974	-1.3657	4.5618	0	0	0	0	0	0	0	0	0	0	0	0	0	0	0	0	0	0	0.11734	-0.5124	0	0	0	0	0	0	0	0	0
0	0.83633	0	0.68804	0	0	0	-28.562	0	-1.1845	0	0	0	-2.0664	0	2.233	0	0	0	7.3119	0	-2.8039	0	0	0	0	0	9.7945	0	0	0	9.6579	0	1.8933	0	0	0	0	0	0	0	1.8068	-2.72	0.6135	0	0	0	0	0	0	0	0	0	0	0	0	0	0	-7.9365	9.1707	2.9231	-1.6562	0	0
0	0	-1.2572	0	0	0	0	0	-28.537	0	0	0	0.21836	0	12.928	0	0	0.34837	0	0	10.263	0.1923	0	0	0.2543	0	7.7769	0	0	-0.28843	-8.7853	0	-0.93164	0	0	0	0	0	0	0	0	0	0	0	0.17891	6.9959	7.1767	-4.5322	0	0	0	0	0	0	0	0	-1.6408	-0.36005	0	0	0	0	0	0
0	5.7056	0	1.0155	0	0	0.42404	-4.0469	0	-47.56	-2.019	0	0	-5.1493	0	-1.6378	0	0	12.784	5.3234	0	-3.0483	0	0	0	5.7286	0	5.6691	0	0	0.0517	-0.22123	0	21.957	2.1651	0	0	0	0	0	1.5774	0.078122	0.047411	0	0	0	0	0	0	0	0	0	0	0	0	0	0	0	0	0	1.1554	0	0	0
-1.7497	4.3853	0	0	-1.6483	0	1.0037	0	0	2.7846	-27.129	0	0	1.7824	0	0	3.6085	0	-10.597	-0.44112	0	0	17.106	0	0	1.3027	0	0	-1.124	0	0	0	0	0	14.21	0	0	1.7505	-11.3	6.5263	-0.47563	-0.38281	0	0	0	0	0	0	0	0	0	0	0	0.3884	0	0	0	0	0	0	0	0	0	0
0	0	-0.34443	-2.9112	0	6.7664	0	0	0	0	0	-39.554	0	0	0	0.90875	0	1.4207	0	0	0	-0.70626	0	15.457	0	0	0	0	0	-0.59684	0	0	0	0	0	17.859	0	0	0	0	0	0	0	0	0	0	0	0	0	-3.7355	4.3433	-0.37227	0	0	0	0	0	0	0	0	0	0	-5.2716	6.7379
-0.44731	0	0	0	0	0	-17.286	0	0.70465	0	0	0	-48.188	0	-6.4598	0	0.3565	0	0	0	-4.7884	0	0	0	21.957	0	0	0	0	0	6.0096	0	11.823	0	0	0	0	0	0	0	0	0	0	0	0	0	0	0	0	0	0	0	0	-0.9433	4.5147	22.781	9.7701	0.19554	0	0	0	0	0	0
0	14.488	0	0	0	0	0	-1.9318	0	0.0090352	2.3637	0	0	-34.511	0	0	0	0	0	5.2012	0	0	0	0	0	-4.3164	0	0.44646	0	0	0	1.2975	0	0	0	0	0	0	0	-0.2726	8.9025	10.481	-2.1572	0	0	0	0	0	0	0	0	0	0	0	0	0	0	0	0	0	0	0	0	0
-0.071433	0	7.8813	0	0	0	4.9219	0	4.8016	0	0	0	-1.4716	0	-34.213	0	0	-1.3261	-1.044	0	-4.2806	-0.60259	0	0	-2.3657	0	0.95573	0	0	0.68542	16.939	0	8.5117	1.737	0	0	0	0	0	0	0	0	0	0	0	-0.17832	-1.7466	0	0	0	0	0	0	0	0	0	0.86645	0	0	0	0	0	0	0
0	0	0	9.5395	0	-2.8357	0	0.95144	0	-0.12004	0	0.35572	0	0	0	-29.363	0	0	0	-0.41539	0	-1.3977	0	0.35361	0	0	0	5.8923	0	0	0	0	0	0.10478	0	0	0	0	0	0	0	0	0	0	0	0	0	0	0	0	0	0	0	0	0	0	0	0	0	-0.65612	6.1768	8.9373	3.3364	-0.85996
10.407	0.33065	0	0	3.6893	0	9.1948	0	0	0	3.2368	0	0.20796	0	0	0	-22.722	0	-2.2998	0	0	0	3.3516	0	-10.91	-4.0369	0	0	6.7069	0	-0.0124	0	0	0	7.3571	0	0.98458	-2.5476	0.45839	-2.4206	0.61722	0	0	0	0	0	0	0	0	0	0	0	-4.0781	3.7738	-1.2889	0	0	0	0	0	0	0	0	0
0	0	6.6715	0	0	-3.6395	0	0	0.66277	0	0	0.13181	0	0	-3.6204	0	0	-31.433	0	0	0	0.21716	0	0	0	0	5.4668	0	0	13.124	2.0293	0	0	0	0	4.9662	0	0	0	0	0	0	0	0	0	0	-1.5101	-2.5786	10.663	0.38519	-1.536	0	0	0	0	0	0	0	0	0	0	0	0	0
1.8121	1.3854	0.10447	0	0	0	19.22	0	0	11.535	-0.60883	0	0	0	-1.9526	0	-0.55571	0	-50.172	-0.083749	0	-1.4362	0	0	-16.405	2.3183	0	0.26842	0	0	3.191	0	0	10.356	21.024	0	0	0	0	0	0	0	0	0	0	0	0	0	0	0	0	0	0	0	0	0	0	0	0	0	0	0	0	0
0	5.3042	0	0.54559	0	0	0	4.9277	0	8.1	0.59185	0	0	3.0656	0	-0.90626	0	0	-2.4403	-18.831	0	-0.89503	0	0	0	-3.5428	0	2.4859	0	0	0	7.5915	0	-2.1846	0	0	0	0	0	0	-2.5118	2.7694	-0.53278	-0.72613	0	0	0	0	0	0	0	0	0	0	0	0	0	0	-2.991	0.10412	0.075639	0	0	0
0	0	-0.14209	0	0	0	0	0	9.9443	0	0	0	-0.56316	0	-0.3236	0	0	0	0	0	-35.145	0	0	0	-0.12934	0	1.061	0	0	0	0	0	11.237	0	0	0	0	0	0	0	0	0	0	0	-1.1111	3.607	-4.2036	0	0	0	0	0	0	0	0	-0.24643	4.6182	11.397	0	0	0	0	0	0
0	0	2.8061	5.8889	0	6.1781	-3.7367	-2.2455	0.056792	-7.5566	0	-2.3389	0	0	-4.9434	0.36914	0	-1.9788	1.9489	0.82553	0	-28.858	0	0.44626	2.9362	0	-0.081515	8.2469	0	0.67354	4.7692	0	0	14.824	0	1.5252	0	0	0	0	0	0	0	0	0	0	0	0	0	0	0	0	0	0	0	0	0	0	0	0	0.24477	0	0	0
-2.4602	0.00091783	0	0	12.797	0	0.79387	0	0	0	9.2289	0	0	0	0	0	5.1906	0	0	0	0	0	-44.33	0	0	-1.869	0	0	-5.995	0	0	0	0	0	0.030733	0	0.33938	-0.26447	21.765	4.8622	-0.52178	0	0	0	0	0	0	0	0	0	0	0	-1.1646	1.5971	0	0	0	0	0	0	0	0	0	0
0	0	0	9.0842	0	-1.1788	0	0	0	0	0	13.517	0	0	0	2.9896	0	0	0	0	0	-2.2925	0	-34.625	0	0	0	0.15353	0	0.97227	0	0	0	0	0	-3.3123	0	0	0	0	0	0	0	0	0	0	0	0	0	0	0.81151	-0.49487	0	0	0	0	0	0	0	0	-0.40958	-1.4451	12.36	3.8699
12.191	0	-0.82653	0	0	0	29.291	0	0.68484	0	0	0	6.2268	0	-4.9593	0	0.12284	0	2.1012	0	-2.2002	0.38203	0	0	-52.052	0	0	0	0	0	10.016	0	4.3132	-1.7396	0.061734	0	0	0	0	0	0	0	0	0	0	0	0	0	0	0	0	0	0	-0.32689	0.17539	-3.3448	-0.11626	0	0	0	0	0	0	0
0	23.541	0	0	0	0	-0.55123	0	0	21.186	8.6138	0	0	-4.7531	0	0	0.054478	0	-15.123	0.48131	0	0	-0.11277	0	0	-56.189	0	-0.023463	0	0	0.31223	0	0	-4.8391	26.74	0	0	0	0	-1.2919	1.9541	0	0	0	0	0	0	0	0	0	0	0	0	0	0	0	0	0	0	0	0	0	0	0
0	0	8.7718	0	0	0	0	0	2.9931	0	0	0	0	0	4.5873	0	0	1.5599	0	0	-0.83942	0.28163	0	0	0	0	-40.31	0	0	-2.045	-4.7506	0	0.76929	0	0	0.79945	0	0	0	0	0	0	0	0	0	-1.4248	10.059	16.766	4.26	-1.4783	0	0	0	0	0	0	0	0	0	0	0	0	0	0
0	-2.382	-0.52289	4.2795	0	-6.2553	0	7.6616	0	10.403	0	0	0	0.59003	0	6.5564	0	0	-7.0704	1.9976	0	7.3618	0	0.040802	0	3.0623	0	-24.533	0	2.2478	0.48106	-0.70815	0	-2.024	0	0	0	0	0	0	0	-0.53203	0.47301	0	0	0	0	0	0	0	0	0	0	0	0	0	0	0	0	-0.8014	1.918	-2.3397	0.09542	0
0.83679	0	0	0	14.977	0	-0.27621	0	0	0	0.4215	0	0	0	0	0	6.245	0	0	0	0	0	-0.97969	0	0	0	0	0	-39.059	0	0	0	0	0	-0.36084	0	0.93464	0.022574	0	0	0	0	0	0	0	0	0	0	0	0	0	0	10.813	7.6353	-1.2107	0	0	0	0	0	0	0	0	0
0	0	7.0667	-6.3606	0	23.239	0	0	0.44195	0	0	1.4408	0	0	-4.9727	0	0	13.51	0	0	0	3.0994	0	0.9673	0	0	-6.3039	-0.073969	0	-39.622	4.1095	0	0	-0.67982	0	3.881	0	0	0	0	0	0	0	0	0	0	0	4.9127	-4.3517	1.5078	-1.6147	0	0	0	0	0	0	0	0	0	0	0	0	-0.19613
-1.4477	0	5.6092	-0.63874	0	1.1681	7.0235	0	-0.37578	-14.444	0	0	-0.47206	0	10.356	0	0.32507	-1.2979	15.566	0	0	-1.3428	0	0	0.18956	2.5228	0.25927	0.21067	0	0.49211	-26.862	0	2.7922	9.4231	-9.0572	0	0	0	0	0	0	0	0	0	0	0	0	0	0	0	0	0	0	0	0	0	0	0	0	0	0	0	0	0
0	-3.164	0	0	0	0	0	0.40169	0	0.46532	0	0	0	4.8731	0	0	0	0	0	5.9378	0	0	0	0	0	0	0	-0.98818	0	0	0	-37.018	0	0	0	0	0	0	0	0	0	-4.3971	8.4315	3.8058	0	0	0	0	0	0	0	0	0	0	0	0	0	0	19.482	2.0458	0.12435	0	0	0
-2.4526	0	-1.5532	0	0	0	-4.6788	0	2.8297	0	0	0	13.114	0	13.707	0	0	0	0	0	8.1139	0	0	0	9.7338	0	0.76956	0	0	0	-7.3342	0	-26.86	0	0	0	0	0	0	0	0	0	0	0	0	-0.3572	-1.1224	0	0	0	0	0	0	0	0.85813	-6.6912	2.8739	-0.94983	0	0	0	0	0	0
0	-0.8443	0.94917	-6.6521	0	4.7191	-0.56637	-1.3956	0	7.6109	0	0	0	0	-7.5477	0.69624	0	0	9.1687	1.4567	0	11.018	0	0	0.33463	1.4898	0	2.8868	0	-1.41	10.26	0	0	-28.637	-3.438	0	0	0	0	0	0	0	0	0	0	0	0	0	0	0	0	0	0	0	0	0	0	0	0	0	-0.09895	0	0	0
-0.16838	0.0031164	0	0	2.8747	0	20.03	0	0	5.0555	6.6085	0	0	0	0	0	3.3477	0	7.0601	0	0	0	-1.4921	0	-15.288	5.8175	0	0	-3.6337	0	-0.2367	0	0	-0.18802	-30.155	0	0	0	0	-0.7229	0.20686	0	0	0	0	0	0	0	0	0	0	0	0	0.88019	0	0	0	0	0	0	0	0	0	0
0	0	-1.6026	0	0	-1.858	0	0	0	0	0	19.107	0	0	0	0	0	3.636	0	0	0	0.16349	0	-0.84763	0	0	1.8132	0	0	5.4211	0	0	0	0	0	-51.46	0	0	0	0	0	0	0	0	0	0	0	-1.2788	-2.7606	19.699	10.459	0.069626	0	0	0	0	0	0	0	0	0	0	0	-0.56038
0	0	0	0	0.17713	0	0	0	0	0	0	0	0	0	0	0	0.11843	0	0	0	0	0	-0.41493	0	0	0	0	0	-0.17398	0	0	0	0	0	0	0	4.6849	-3.3428	1.1916	0	0	0	0	0	0	0	0	0	0	0	0	0	-2.9119	0.67163	0	0	0	0	0	0	0	0	0	0
0	0	0	0	-5.6823	0	0	0	0	0	0.14375	0	0	0	0	0	0.11123	0	0	0	0	0	-1.1681	0	0	0	0	0	2.7127	0	0	0	0	0	0	0	0.71988	3.0264	1.7765	-0.20661	0	0	0	0	0	0	0	0	0	0	0	0	-1.4335	0	0	0	0	0	0	0	0	0	0	0
0	0	0	0	-0.44401	0	0	0	0	0	0.16721	0	0	0	0	0	0.26201	0	0	0	0	0	-7.1062	0	0	0	0	0	0	0	0	0	0	0	0	0	-0.012735	0.24008	6.5991	0.38218	-0.087599	0	0	0	0	0	0	0	0	0	0	0	0	0	0	0	0	0	0	0	0	0	0	0
0	-0.11997	0	0	0.17208	0	0	0	0	0	-1.5351	0	0	-1.7679	0	0	0.2674	0	0	0	0	0	-3.8788	0	0	1.3456	0	0	0	0	0	0	0	0	-0.42088	0	0	-0.48193	4.1723	0.48766	1.4069	0.35271	0	0	0	0	0	0	0	0	0	0	0	0	0	0	0	0	0	0	0	0	0	0
0	1.6882	0	0	0	0	0	0	0	-0.29731	-0.85789	0	0	-6.2505	0	0	0.025775	0	0	0.33625	0	0	-0.56951	0	0	-0.36483	0	0	0	0	0	0	0	0	0.55119	0	0	0	0.56342	0.024168	3.4343	2.0855	-0.36885	0	0	0	0	0	0	0	0	0	0	0	0	0	0	0	0	0	0	0	0	0
0	1.7592	0	0	0	0	0	0.61192	0	-0.036501	-0.15613	0	0	-6.0271	0	0	0	0	0	-0.48573	0	0	0	0	0	0	0	-0.19185	0	0	0	-0.93499	0	0	0	0	0	0	0	-0.29963	2.7059	2.5708	0.079536	0.40462	0	0	0	0	0	0	0	0	0	0	0	0	0	0	0	0	0	0	0	0
0	0.73287	0	0	0	0	0	1.0859	0	-0.0075435	0	0	0	-2.4991	0	0	0	0	0	-0.32061	0	0	0	0	0	0	0	-0.28811	0	0	0	-4.5461	0	0	0	0	0	0	0	0	0.57499	1.2114	1.8045	1.0553	0	0	0	0	0	0	0	0	0	0	0	0	0	0	1.3698	-0.17341	0	0	0	0
0	0	0	0	0	0	0	-0.18268	0	0	0	0	0	0	0	0	0	0	0	0.47092	0	0	0	0	0	0	0	0	0	0	0	-2.8701	0	0	0	0	0	0	0	0	0	0.20766	-1.5884	4.0953	0	0	0	0	0	0	0	0	0	0	0	0	0	0	-0.78629	0.6536	0	0	0	0
0	0	0	0	0	0	0	0	0.034416	0	0	0	0	0	0	0	0	0	0	0	-0.036013	0	0	0	0	0	0	0	0	0	0	0	0	0	0	0	0	0	0	0	0	0	0	0	4.7247	-3.1466	0.77185	0	0	0	0	0	0	0	0	0	0.7997	-3.1481	0	0	0	0	0	0
0	0	0.22754	0	0	0	0	0	-3.8645	0	0	0	0	0	-0.0053337	0	0	0	0	0	1.1454	0	0	0	0	0	-0.63878	0	0	0	0	0	-0.10559	0	0	0	0	0	0	0	0	0	0	0	1.199	1.1961	2.6372	-0.11739	0	0	0	0	0	0	0	0	0.38062	-2.0543	0	0	0	0	0	0
0	0	0.70831	0	0	0	0	0	-3.3825	0	0	0	0	0	-0.20278	0	0	-0.15482	0	0	1.0056	0	0	0	0	0	-4.5183	0	0	0	0	0	0.011241	0	0	0	0	0	0	0	0	0	0	0	0.13032	0.86933	3.1643	3.0314	-0.10876	0	0	0	0	0	0	0	0	-0.55337	0	0	0	0	0	0
0	0	0.4282	0	0	0	0	0	0.11842	0	0	0	0	0	0	0	0	-0.69782	0	0	0	0	0	0	0	0	-7.8092	0	0	0.11883	0	0	0	0	0	-0.15856	0	0	0	0	0	0	0	0	0	-0.22512	1.2542	6.9969	-0.44111	0.41526	0	0	0	0	0	0	0	0	0	0	0	0	0	0
0	0	0.47732	0	0	0	0	0	0	0	0	0	0	0	0	0	0	-3.6613	0	0	0	0	0	0	0	0	-2.2747	0	0	0.68731	0	0	0	0	0	-0.87949	0	0	0	0	0	0	0	0	0	0	0.1435	2.2288	1.835	1.301	0.14245	0	0	0	0	0	0	0	0	0	0	0	0	0
0	0	0.2689	0	0	0	0	0	0	0	0	1.2576	0	0	0	0	0	-1.2827	0	0	0	0	0	0	0	0	-0.67384	0	0	0.2076	0	0	0	0	0	-6.4927	0	0	0	0	0	0	0	0	0	0	0	0.79134	-0.14397	4.299	2.1161	-0.22958	0	0	0	0	0	0	0	0	0	0	0	-0.11781
0	0	0	0	0	-1.0095	0	0	0	0	0	-1.0368	0	0	0	0	0	-0.91505	0	0	0	0	0	0.94444	0	0	0	0	0	1.8699	0	0	0	0	0	-4.4498	0	0	0	0	0	0	0	0	0	0	0	0	-0.048202	2.4363	2.739	0.72396	0	0	0	0	0	0	0	0	0	0	0.18148	-1.4358
0	0	0	0	0	0	0	0	0	0	0	-0.96956	0	0	0	0	0	0	0	0	0	0	0	0.39666	0	0	0	0	0	0	0	0	0	0	0	0.86026	0	0	0	0	0	0	0	0	0	0	0	0	0	0.54143	-3.1623	4.6759	0	0	0	0	0	0	0	0	0	0	0.63488	-2.9773
-0.25667	0	0	0	1.2574	0	0	0	0	0	0	0	0	0	0	0	0.82217	0	0	0	0	0	0.1003	0	0	0	0	0	-6.7862	0	0	0	0	0	0	0	0.22365	-0.69957	0	0	0	0	0	0	0	0	0	0	0	0	0	0	4.4576	0.92667	-0.045301	0	0	0	0	0	0	0	0	0
-2.5997	0	0	0	1.9597	0	-1.8062	0	0	0	0.092303	0	-1.4955	0	0	0	0.96628	0	0	0	0	0	-0.21733	0	3.1478	0	0	0	-6.4514	0	0	0	0	0	-0.057082	0	-0.46552	0	0	0	0	0	0	0	0	0	0	0	0	0	0	0	3.4782	1.8063	0.10348	1.5388	0	0	0	0	0	0	0	0
-4.5135	0	0	0	0	0	-2.9637	0	0	0	0	0	-4.5892	0	0	0	1.6021	0	0	0	0	0	0	0	4.9936	0	0	0	-1.5913	0	0	0	0.18491	0	0	0	0	0	0	0	0	0	0	0	0	0	0	0	0	0	0	0	0.8121	0.56853	0.95255	4.467	0.076909	0	0	0	0	0	0	0
-0.27083	0	0	0	0	0	0	0	0	0	0	0	-9.3328	0	0	0	0	0	0	0	-0.43945	0	0	0	0.17453	0	0	0	0	0	0	0	0.8042	0	0	0	0	0	0	0	0	0	0	0	0	0	0	0	0	0	0	0	0	0.13319	-0.53716	8.4036	1.0655	-0.00074499	0	0	0	0	0	0
0.0090556	0	0	0	0	0	0	0	0.80624	0	0	0	-5.3649	0	-0.16731	0	0	0	0	0	-3.4964	0	0	0	0.2683	0	0	0	0	0	0	0	0.71125	0	0	0	0	0	0	0	0	0	0	0	-0.024089	-0.36628	0	0	0	0	0	0	0	0	-0.329	4.302	2.0163	1.6349	0	0	0	0	0	0
0	0	0	0	0	0	0	0	0.69164	0	0	0	-1.537	0	0	0	0	0	0	0	-5.2765	0	0	0	0	0	0	0	0	0	0	0	1.3872	0	0	0	0	0	0	0	0	0	0	0	0.5269	-1.0014	0.095249	0	0	0	0	0	0	0	0	0.73155	1.4817	2.9006	0	0	0	0	0	0
0	0	0	0	0	0	0	-0.5822	0	0	0	0	0	0	0	0	0	0	0	0.45223	0	0	0	0	0	0	0	0	0	0	0	-7.4558	0	0	0	0	0	0	0	0	0	0	0.17155	0.42338	0	0	0	0	0	0	0	0	0	0	0	0	0	0	7.3033	-0.55899	0.24656	0	0	0
0	0	0	0	0	0	0	-3.1984	0	0	0	0	0	0	0	-0.92836	0	0	0	0.4678	0	0	0	0	0	0	0	0.84334	0	0	0	-3.1091	0	0	0	0	0	0	0	0	0	0	0.23572	-0.041378	0	0	0	0	0	0	0	0	0	0	0	0	0	0	3.0754	1.2101	1.0608	0.38416	0	0
0	0	0	0.71314	0	0	0	-2.977	0	-0.19892	0	0	0	0	0	-4.0278	0	0	0	0.74515	0	-0.39655	0	-0.20899	0	0	0	1.1298	0	0	0	-0.7447	0	0.15333	0	0	0	0	0	0	0	0	0	0	0	0	0	0	0	0	0	0	0	0	0	0	0	0	0.61797	1.0163	1.5995	2.6521	-0.073227	0
0	0	0	0.3537	0	0	0	-0.33396	0	0	0	0	0	0	0	-5.4738	0	0	0	0	0	0	0	-0.69516	0	0	0	0.5967	0	0	0	0	0	0	0	0	0	0	0	0	0	0	0	0	0	0	0	0	0	0	0	0	0	0	0	0	0	0	0	-0.0068672	0.87027	4.2804	0.24635	0.16243
0	0	0	1.0485	0	-0.32617	0	0	0	0	0	1.3617	0	0	0	-1.7195	0	0	0	0	0	0	0	-5.6133	0	0	0	0.041845	0	0	0	0	0	0	0	0	0	0	0	0	0	0	0	0	0	0	0	0	0	0	-0.34408	0.0016141	0	0	0	0	0	0	0	0	0.17246	0.92876	3.6418	0.8063
0	0	0	0.11199	0	1.3051	0	0	0	0	0	-2.0538	0	0	0	-0.48225	0	0	0	0	0	0	0	-2.7246	0	0	0	0	0	-1.0249	0	0	0	0	0	2.4445	0	0	0	0	0	0	0	0	0	0	0	0	0	0.18966	-2.4739	1.1881	0	0	0	0	0	0	0	0	0	0.21925	1.687	1.6139
